Mjollnir.position
0.000000000000000000e+00
0.000000000000000000e+00
0.000000000000000000e+00
Mjollnir.attitude
1.000000000000000000e+00,0.000000000000000000e+00,0.000000000000000000e+00
0.000000000000000000e+00,1.000000000000000000e+00,0.000000000000000000e+00
0.000000000000000000e+00,0.000000000000000000e+00,1.000000000000000000e+00
Mjollnir.engine.position
0.000000000000000000e+00
0.000000000000000000e+00
0.000000000000000000e+00
Mjollnir.engine.attitude
1.000000000000000000e+00,0.000000000000000000e+00,0.000000000000000000e+00
0.000000000000000000e+00,1.000000000000000000e+00,0.000000000000000000e+00
0.000000000000000000e+00,0.000000000000000000e+00,1.000000000000000000e+00
Mjollnir.engine.nozzle.position
0.000000000000000000e+00
0.000000000000000000e+00
0.000000000000000000e+00
Mjollnir.engine.nozzle.attitude
1.000000000000000000e+00,0.000000000000000000e+00,0.000000000000000000e+00
0.000000000000000000e+00,1.000000000000000000e+00,0.000000000000000000e+00
0.000000000000000000e+00,0.000000000000000000e+00,1.000000000000000000e+00
Mjollnir.Mjollnir_mesh.position
0.000000000000000000e+00
0.000000000000000000e+00
0.000000000000000000e+00
Mjollnir.Mjollnir_mesh.attitude
1.000000000000000000e+00,0.000000000000000000e+00,0.000000000000000000e+00
0.000000000000000000e+00,1.000000000000000000e+00,0.000000000000000000e+00
0.000000000000000000e+00,0.000000000000000000e+00,1.000000000000000000e+00
Mjollnir.Mjollnir_mesh.mesh
Mjollnir_mesh.stl
